{
 "cells": [
  {
   "cell_type": "markdown",
   "metadata": {},
   "source": [
    "<h1 align=\"center\"> Homework 7 Programming Task</h1>\n",
    "<h3 align=\"center\"> IST 5520, 2022 Fall </h3>\n",
    "<h3 align=\"center\"> Student: Estelle Lu </h3>"
   ]
  },
  {
   "cell_type": "markdown",
   "metadata": {},
   "source": [
    "# **Instruction:**\n",
    "\n",
    "Complete the following tasks and type your answers to questions directly on the jupyter notebook (1 point for each task and question, 13 points in total). You can add additional code lines if necessary."
   ]
  },
  {
   "cell_type": "code",
   "execution_count": 18,
   "metadata": {},
   "outputs": [],
   "source": [
    "# Import modules and set inline mode\n",
    "import pandas as pd\n",
    "import numpy as np\n",
    "from sklearn.decomposition import PCA\n",
    "import matplotlib.pyplot as plt\n",
    "from sklearn.preprocessing import scale\n",
    "df = pd.read_csv('/Users/estellelu/Downloads/wine.data')"
   ]
  },
  {
   "cell_type": "markdown",
   "metadata": {},
   "source": [
    "# Task: Principal Component Analysis of the Wine Dataset"
   ]
  },
  {
   "cell_type": "markdown",
   "metadata": {},
   "source": [
    "(1) Load Wine Dataset\n",
    "\n",
    "The data file 'wine.data' is the result of a chemical analysis of wines grown in the same region in Italy but derived from three different cultivars. The analysis determined the quantities of 13 constituents found in each of the three types of wines.\n",
    "\n",
    "The first column is the class of the wine, other columns are attributes of the wine. These columns are:\n",
    "\n",
    "- 1) Class\n",
    "- 2) Alcohol\n",
    "- 3) Malic acid\n",
    "- 4) Ash\n",
    "- 5) Alcalinity of ash\n",
    "- 6) Magnesium\n",
    "- 7) Total phenols\n",
    "- 8) Flavanoids\n",
    "- 9) Nonflavanoid phenols\n",
    "- 10) Proanthocyanins\n",
    "- 11) Color intensity\n",
    "- 12) Hue\n",
    "- 13) OD280/OD315 of diluted wines\n",
    "- 14) Proline\n",
    "\n",
    "For detailed description of the dataset, refer to https://archive.ics.uci.edu/ml/datasets/Wine.\n",
    "\n",
    "Create a pandas DataFrame from the data file. The data file itself does not include column names, so you need to manually set the column names for your DataFrame. Then show information of the dataset.\n",
    "\n",
    "Tip: Set the header parameter of the pd.read_csv() function correctly so that the first row will not be treated as column header."
   ]
  },
  {
   "cell_type": "code",
   "execution_count": 75,
   "metadata": {
    "scrolled": false
   },
   "outputs": [
    {
     "name": "stdout",
     "output_type": "stream",
     "text": [
      "         1  14.23   1.71   2.43   15.6    127    2.8   3.06    .28   2.29  \\\n",
      "0    False  False  False  False  False  False  False  False  False  False   \n",
      "1    False  False  False  False  False  False  False  False  False  False   \n",
      "2    False  False  False  False  False  False  False  False  False  False   \n",
      "3    False  False  False  False  False  False  False  False  False  False   \n",
      "4    False  False  False  False  False  False  False  False  False  False   \n",
      "..     ...    ...    ...    ...    ...    ...    ...    ...    ...    ...   \n",
      "172  False  False  False  False  False  False  False  False  False  False   \n",
      "173  False  False  False  False  False  False  False  False  False  False   \n",
      "174  False  False  False  False  False  False  False  False  False  False   \n",
      "175  False  False  False  False  False  False  False  False  False  False   \n",
      "176  False  False  False  False  False  False  False  False  False  False   \n",
      "\n",
      "      5.64   1.04   3.92   1065  \n",
      "0    False  False  False  False  \n",
      "1    False  False  False  False  \n",
      "2    False  False  False  False  \n",
      "3    False  False  False  False  \n",
      "4    False  False  False  False  \n",
      "..     ...    ...    ...    ...  \n",
      "172  False  False  False  False  \n",
      "173  False  False  False  False  \n",
      "174  False  False  False  False  \n",
      "175  False  False  False  False  \n",
      "176  False  False  False  False  \n",
      "\n",
      "[177 rows x 14 columns]\n",
      "         1  14.23   1.71   2.43   15.6    127    2.8   3.06    .28   2.29  \\\n",
      "0    False  False  False  False  False  False  False  False  False  False   \n",
      "1    False  False  False  False  False  False  False  False  False  False   \n",
      "2    False  False  False  False  False  False  False  False  False  False   \n",
      "3    False  False  False  False  False  False  False  False  False  False   \n",
      "4    False  False  False  False  False  False  False  False  False  False   \n",
      "..     ...    ...    ...    ...    ...    ...    ...    ...    ...    ...   \n",
      "172  False  False  False  False  False  False  False  False  False  False   \n",
      "173  False  False  False  False  False  False  False  False  False  False   \n",
      "174  False  False  False  False  False  False  False  False  False  False   \n",
      "175  False  False  False  False  False  False  False  False  False  False   \n",
      "176  False  False  False  False  False  False  False  False  False  False   \n",
      "\n",
      "      5.64   1.04   3.92   1065  \n",
      "0    False  False  False  False  \n",
      "1    False  False  False  False  \n",
      "2    False  False  False  False  \n",
      "3    False  False  False  False  \n",
      "4    False  False  False  False  \n",
      "..     ...    ...    ...    ...  \n",
      "172  False  False  False  False  \n",
      "173  False  False  False  False  \n",
      "174  False  False  False  False  \n",
      "175  False  False  False  False  \n",
      "176  False  False  False  False  \n",
      "\n",
      "[177 rows x 14 columns]\n"
     ]
    }
   ],
   "source": [
    "df = pd.read_csv('wine.data')\n",
    "#number of observations in the dataset\n",
    "df.shape\n",
    "#finding missing values\n",
    "print(df.isnull())\n",
    "print(df.isna())"
   ]
  },
  {
   "cell_type": "code",
   "execution_count": 76,
   "metadata": {},
   "outputs": [
    {
     "name": "stdout",
     "output_type": "stream",
     "text": [
      "0\n"
     ]
    }
   ],
   "source": [
    "#counting missing values\n",
    "print(df.isnull().values.sum())"
   ]
  },
  {
   "cell_type": "markdown",
   "metadata": {},
   "source": [
    "**Question 1**: How many observations are in the dataset? Does the dataset contain missing values?\n",
    "\n",
    "Your Answer: there are 177 observations in in the dataset. The dataset contains no missing values.\n"
   ]
  },
  {
   "cell_type": "markdown",
   "metadata": {},
   "source": [
    "(2) Sample observations\n",
    "\n",
    "Randomly select 5 obvervations from the dataset and show them below."
   ]
  },
  {
   "cell_type": "code",
   "execution_count": 57,
   "metadata": {
    "scrolled": false
   },
   "outputs": [
    {
     "data": {
      "text/html": [
       "<div>\n",
       "<style scoped>\n",
       "    .dataframe tbody tr th:only-of-type {\n",
       "        vertical-align: middle;\n",
       "    }\n",
       "\n",
       "    .dataframe tbody tr th {\n",
       "        vertical-align: top;\n",
       "    }\n",
       "\n",
       "    .dataframe thead th {\n",
       "        text-align: right;\n",
       "    }\n",
       "</style>\n",
       "<table border=\"1\" class=\"dataframe\">\n",
       "  <thead>\n",
       "    <tr style=\"text-align: right;\">\n",
       "      <th></th>\n",
       "      <th>1</th>\n",
       "      <th>14.23</th>\n",
       "      <th>1.71</th>\n",
       "      <th>2.43</th>\n",
       "      <th>15.6</th>\n",
       "      <th>127</th>\n",
       "      <th>2.8</th>\n",
       "      <th>3.06</th>\n",
       "      <th>.28</th>\n",
       "      <th>2.29</th>\n",
       "      <th>5.64</th>\n",
       "      <th>1.04</th>\n",
       "      <th>3.92</th>\n",
       "      <th>1065</th>\n",
       "    </tr>\n",
       "  </thead>\n",
       "  <tbody>\n",
       "    <tr>\n",
       "      <th>99</th>\n",
       "      <td>2</td>\n",
       "      <td>12.08</td>\n",
       "      <td>2.08</td>\n",
       "      <td>1.70</td>\n",
       "      <td>17.5</td>\n",
       "      <td>97</td>\n",
       "      <td>2.23</td>\n",
       "      <td>2.17</td>\n",
       "      <td>0.26</td>\n",
       "      <td>1.40</td>\n",
       "      <td>3.3</td>\n",
       "      <td>1.27</td>\n",
       "      <td>2.96</td>\n",
       "      <td>710</td>\n",
       "    </tr>\n",
       "    <tr>\n",
       "      <th>77</th>\n",
       "      <td>2</td>\n",
       "      <td>12.33</td>\n",
       "      <td>0.99</td>\n",
       "      <td>1.95</td>\n",
       "      <td>14.8</td>\n",
       "      <td>136</td>\n",
       "      <td>1.90</td>\n",
       "      <td>1.85</td>\n",
       "      <td>0.35</td>\n",
       "      <td>2.76</td>\n",
       "      <td>3.4</td>\n",
       "      <td>1.06</td>\n",
       "      <td>2.31</td>\n",
       "      <td>750</td>\n",
       "    </tr>\n",
       "    <tr>\n",
       "      <th>120</th>\n",
       "      <td>2</td>\n",
       "      <td>11.56</td>\n",
       "      <td>2.05</td>\n",
       "      <td>3.23</td>\n",
       "      <td>28.5</td>\n",
       "      <td>119</td>\n",
       "      <td>3.18</td>\n",
       "      <td>5.08</td>\n",
       "      <td>0.47</td>\n",
       "      <td>1.87</td>\n",
       "      <td>6.0</td>\n",
       "      <td>0.93</td>\n",
       "      <td>3.69</td>\n",
       "      <td>465</td>\n",
       "    </tr>\n",
       "    <tr>\n",
       "      <th>95</th>\n",
       "      <td>2</td>\n",
       "      <td>11.81</td>\n",
       "      <td>2.12</td>\n",
       "      <td>2.74</td>\n",
       "      <td>21.5</td>\n",
       "      <td>134</td>\n",
       "      <td>1.60</td>\n",
       "      <td>0.99</td>\n",
       "      <td>0.14</td>\n",
       "      <td>1.56</td>\n",
       "      <td>2.5</td>\n",
       "      <td>0.95</td>\n",
       "      <td>2.26</td>\n",
       "      <td>625</td>\n",
       "    </tr>\n",
       "    <tr>\n",
       "      <th>117</th>\n",
       "      <td>2</td>\n",
       "      <td>12.77</td>\n",
       "      <td>3.43</td>\n",
       "      <td>1.98</td>\n",
       "      <td>16.0</td>\n",
       "      <td>80</td>\n",
       "      <td>1.63</td>\n",
       "      <td>1.25</td>\n",
       "      <td>0.43</td>\n",
       "      <td>0.83</td>\n",
       "      <td>3.4</td>\n",
       "      <td>0.70</td>\n",
       "      <td>2.12</td>\n",
       "      <td>372</td>\n",
       "    </tr>\n",
       "  </tbody>\n",
       "</table>\n",
       "</div>"
      ],
      "text/plain": [
       "     1  14.23  1.71  2.43  15.6  127   2.8  3.06   .28  2.29  5.64  1.04  \\\n",
       "99   2  12.08  2.08  1.70  17.5   97  2.23  2.17  0.26  1.40   3.3  1.27   \n",
       "77   2  12.33  0.99  1.95  14.8  136  1.90  1.85  0.35  2.76   3.4  1.06   \n",
       "120  2  11.56  2.05  3.23  28.5  119  3.18  5.08  0.47  1.87   6.0  0.93   \n",
       "95   2  11.81  2.12  2.74  21.5  134  1.60  0.99  0.14  1.56   2.5  0.95   \n",
       "117  2  12.77  3.43  1.98  16.0   80  1.63  1.25  0.43  0.83   3.4  0.70   \n",
       "\n",
       "     3.92  1065  \n",
       "99   2.96   710  \n",
       "77   2.31   750  \n",
       "120  3.69   465  \n",
       "95   2.26   625  \n",
       "117  2.12   372  "
      ]
     },
     "execution_count": 57,
     "metadata": {},
     "output_type": "execute_result"
    }
   ],
   "source": [
    "df = pd.read_csv('wine.data')\n",
    "df = df.sample(5)\n",
    "df"
   ]
  },
  {
   "cell_type": "markdown",
   "metadata": {},
   "source": [
    "(3) Convert the value of Class variable\n",
    "\n",
    "Convert Class integer values into strings by using the following mapping:\n",
    "\n",
    "- 1: 'Class 1'\n",
    "- 2: 'Class 2'\n",
    "- 3: 'Class 3'"
   ]
  },
  {
   "cell_type": "code",
   "execution_count": 63,
   "metadata": {},
   "outputs": [
    {
     "data": {
      "text/html": [
       "<div>\n",
       "<style scoped>\n",
       "    .dataframe tbody tr th:only-of-type {\n",
       "        vertical-align: middle;\n",
       "    }\n",
       "\n",
       "    .dataframe tbody tr th {\n",
       "        vertical-align: top;\n",
       "    }\n",
       "\n",
       "    .dataframe thead th {\n",
       "        text-align: right;\n",
       "    }\n",
       "</style>\n",
       "<table border=\"1\" class=\"dataframe\">\n",
       "  <thead>\n",
       "    <tr style=\"text-align: right;\">\n",
       "      <th></th>\n",
       "      <th>1</th>\n",
       "      <th>14.23</th>\n",
       "      <th>1.71</th>\n",
       "      <th>2.43</th>\n",
       "      <th>15.6</th>\n",
       "      <th>127</th>\n",
       "      <th>2.8</th>\n",
       "      <th>3.06</th>\n",
       "      <th>.28</th>\n",
       "      <th>2.29</th>\n",
       "      <th>5.64</th>\n",
       "      <th>1.04</th>\n",
       "      <th>3.92</th>\n",
       "      <th>1065</th>\n",
       "    </tr>\n",
       "  </thead>\n",
       "  <tbody>\n",
       "    <tr>\n",
       "      <th>1</th>\n",
       "      <td>1.000000</td>\n",
       "      <td>-0.321238</td>\n",
       "      <td>0.436127</td>\n",
       "      <td>-0.048260</td>\n",
       "      <td>0.513963</td>\n",
       "      <td>-0.198944</td>\n",
       "      <td>-0.717933</td>\n",
       "      <td>-0.846485</td>\n",
       "      <td>0.487215</td>\n",
       "      <td>-0.494887</td>\n",
       "      <td>0.268562</td>\n",
       "      <td>-0.617690</td>\n",
       "      <td>-0.786428</td>\n",
       "      <td>-0.631227</td>\n",
       "    </tr>\n",
       "    <tr>\n",
       "      <th>14.23</th>\n",
       "      <td>-0.321238</td>\n",
       "      <td>1.000000</td>\n",
       "      <td>0.099963</td>\n",
       "      <td>0.210964</td>\n",
       "      <td>-0.303350</td>\n",
       "      <td>0.258742</td>\n",
       "      <td>0.284543</td>\n",
       "      <td>0.230133</td>\n",
       "      <td>-0.151445</td>\n",
       "      <td>0.127561</td>\n",
       "      <td>0.547883</td>\n",
       "      <td>-0.075375</td>\n",
       "      <td>0.057417</td>\n",
       "      <td>0.641068</td>\n",
       "    </tr>\n",
       "    <tr>\n",
       "      <th>1.71</th>\n",
       "      <td>0.436127</td>\n",
       "      <td>0.099963</td>\n",
       "      <td>1.000000</td>\n",
       "      <td>0.164955</td>\n",
       "      <td>0.286148</td>\n",
       "      <td>-0.049049</td>\n",
       "      <td>-0.333512</td>\n",
       "      <td>-0.409324</td>\n",
       "      <td>0.291501</td>\n",
       "      <td>-0.217975</td>\n",
       "      <td>0.250053</td>\n",
       "      <td>-0.560854</td>\n",
       "      <td>-0.366720</td>\n",
       "      <td>-0.189512</td>\n",
       "    </tr>\n",
       "    <tr>\n",
       "      <th>2.43</th>\n",
       "      <td>-0.048260</td>\n",
       "      <td>0.210964</td>\n",
       "      <td>0.164955</td>\n",
       "      <td>1.000000</td>\n",
       "      <td>0.446698</td>\n",
       "      <td>0.287107</td>\n",
       "      <td>0.128176</td>\n",
       "      <td>0.114084</td>\n",
       "      <td>0.187354</td>\n",
       "      <td>0.008082</td>\n",
       "      <td>0.258643</td>\n",
       "      <td>-0.075181</td>\n",
       "      <td>0.001503</td>\n",
       "      <td>0.222979</td>\n",
       "    </tr>\n",
       "    <tr>\n",
       "      <th>15.6</th>\n",
       "      <td>0.513963</td>\n",
       "      <td>-0.303350</td>\n",
       "      <td>0.286148</td>\n",
       "      <td>0.446698</td>\n",
       "      <td>1.000000</td>\n",
       "      <td>-0.071707</td>\n",
       "      <td>-0.317583</td>\n",
       "      <td>-0.346922</td>\n",
       "      <td>0.359395</td>\n",
       "      <td>-0.190779</td>\n",
       "      <td>0.020478</td>\n",
       "      <td>-0.272719</td>\n",
       "      <td>-0.268186</td>\n",
       "      <td>-0.436858</td>\n",
       "    </tr>\n",
       "    <tr>\n",
       "      <th>127</th>\n",
       "      <td>-0.198944</td>\n",
       "      <td>0.258742</td>\n",
       "      <td>-0.049049</td>\n",
       "      <td>0.287107</td>\n",
       "      <td>-0.071707</td>\n",
       "      <td>1.000000</td>\n",
       "      <td>0.208200</td>\n",
       "      <td>0.187101</td>\n",
       "      <td>-0.252091</td>\n",
       "      <td>0.226504</td>\n",
       "      <td>0.199337</td>\n",
       "      <td>0.052042</td>\n",
       "      <td>0.046961</td>\n",
       "      <td>0.387542</td>\n",
       "    </tr>\n",
       "    <tr>\n",
       "      <th>2.8</th>\n",
       "      <td>-0.717933</td>\n",
       "      <td>0.284543</td>\n",
       "      <td>-0.333512</td>\n",
       "      <td>0.128176</td>\n",
       "      <td>-0.317583</td>\n",
       "      <td>0.208200</td>\n",
       "      <td>1.000000</td>\n",
       "      <td>0.864046</td>\n",
       "      <td>-0.448301</td>\n",
       "      <td>0.610533</td>\n",
       "      <td>-0.056401</td>\n",
       "      <td>0.432987</td>\n",
       "      <td>0.699566</td>\n",
       "      <td>0.495839</td>\n",
       "    </tr>\n",
       "    <tr>\n",
       "      <th>3.06</th>\n",
       "      <td>-0.846485</td>\n",
       "      <td>0.230133</td>\n",
       "      <td>-0.409324</td>\n",
       "      <td>0.114084</td>\n",
       "      <td>-0.346922</td>\n",
       "      <td>0.187101</td>\n",
       "      <td>0.864046</td>\n",
       "      <td>1.000000</td>\n",
       "      <td>-0.536326</td>\n",
       "      <td>0.650254</td>\n",
       "      <td>-0.174411</td>\n",
       "      <td>0.543208</td>\n",
       "      <td>0.786372</td>\n",
       "      <td>0.491180</td>\n",
       "    </tr>\n",
       "    <tr>\n",
       "      <th>.28</th>\n",
       "      <td>0.487215</td>\n",
       "      <td>-0.151445</td>\n",
       "      <td>0.291501</td>\n",
       "      <td>0.187354</td>\n",
       "      <td>0.359395</td>\n",
       "      <td>-0.252091</td>\n",
       "      <td>-0.448301</td>\n",
       "      <td>-0.536326</td>\n",
       "      <td>1.000000</td>\n",
       "      <td>-0.363268</td>\n",
       "      <td>0.140192</td>\n",
       "      <td>-0.261709</td>\n",
       "      <td>-0.501859</td>\n",
       "      <td>-0.308886</td>\n",
       "    </tr>\n",
       "    <tr>\n",
       "      <th>2.29</th>\n",
       "      <td>-0.494887</td>\n",
       "      <td>0.127561</td>\n",
       "      <td>-0.217975</td>\n",
       "      <td>0.008082</td>\n",
       "      <td>-0.190779</td>\n",
       "      <td>0.226504</td>\n",
       "      <td>0.610533</td>\n",
       "      <td>0.650254</td>\n",
       "      <td>-0.363268</td>\n",
       "      <td>1.000000</td>\n",
       "      <td>-0.027112</td>\n",
       "      <td>0.294397</td>\n",
       "      <td>0.513415</td>\n",
       "      <td>0.325731</td>\n",
       "    </tr>\n",
       "    <tr>\n",
       "      <th>5.64</th>\n",
       "      <td>0.268562</td>\n",
       "      <td>0.547883</td>\n",
       "      <td>0.250053</td>\n",
       "      <td>0.258643</td>\n",
       "      <td>0.020478</td>\n",
       "      <td>0.199337</td>\n",
       "      <td>-0.056401</td>\n",
       "      <td>-0.174411</td>\n",
       "      <td>0.140192</td>\n",
       "      <td>-0.027112</td>\n",
       "      <td>1.000000</td>\n",
       "      <td>-0.522615</td>\n",
       "      <td>-0.435744</td>\n",
       "      <td>0.315632</td>\n",
       "    </tr>\n",
       "    <tr>\n",
       "      <th>1.04</th>\n",
       "      <td>-0.617690</td>\n",
       "      <td>-0.075375</td>\n",
       "      <td>-0.560854</td>\n",
       "      <td>-0.075181</td>\n",
       "      <td>-0.272719</td>\n",
       "      <td>0.052042</td>\n",
       "      <td>0.432987</td>\n",
       "      <td>0.543208</td>\n",
       "      <td>-0.261709</td>\n",
       "      <td>0.294397</td>\n",
       "      <td>-0.522615</td>\n",
       "      <td>1.000000</td>\n",
       "      <td>0.567395</td>\n",
       "      <td>0.234879</td>\n",
       "    </tr>\n",
       "    <tr>\n",
       "      <th>3.92</th>\n",
       "      <td>-0.786428</td>\n",
       "      <td>0.057417</td>\n",
       "      <td>-0.366720</td>\n",
       "      <td>0.001503</td>\n",
       "      <td>-0.268186</td>\n",
       "      <td>0.046961</td>\n",
       "      <td>0.699566</td>\n",
       "      <td>0.786372</td>\n",
       "      <td>-0.501859</td>\n",
       "      <td>0.513415</td>\n",
       "      <td>-0.435744</td>\n",
       "      <td>0.567395</td>\n",
       "      <td>1.000000</td>\n",
       "      <td>0.306031</td>\n",
       "    </tr>\n",
       "    <tr>\n",
       "      <th>1065</th>\n",
       "      <td>-0.631227</td>\n",
       "      <td>0.641068</td>\n",
       "      <td>-0.189512</td>\n",
       "      <td>0.222979</td>\n",
       "      <td>-0.436858</td>\n",
       "      <td>0.387542</td>\n",
       "      <td>0.495839</td>\n",
       "      <td>0.491180</td>\n",
       "      <td>-0.308886</td>\n",
       "      <td>0.325731</td>\n",
       "      <td>0.315632</td>\n",
       "      <td>0.234879</td>\n",
       "      <td>0.306031</td>\n",
       "      <td>1.000000</td>\n",
       "    </tr>\n",
       "  </tbody>\n",
       "</table>\n",
       "</div>"
      ],
      "text/plain": [
       "              1     14.23      1.71      2.43      15.6       127       2.8  \\\n",
       "1      1.000000 -0.321238  0.436127 -0.048260  0.513963 -0.198944 -0.717933   \n",
       "14.23 -0.321238  1.000000  0.099963  0.210964 -0.303350  0.258742  0.284543   \n",
       "1.71   0.436127  0.099963  1.000000  0.164955  0.286148 -0.049049 -0.333512   \n",
       "2.43  -0.048260  0.210964  0.164955  1.000000  0.446698  0.287107  0.128176   \n",
       "15.6   0.513963 -0.303350  0.286148  0.446698  1.000000 -0.071707 -0.317583   \n",
       "127   -0.198944  0.258742 -0.049049  0.287107 -0.071707  1.000000  0.208200   \n",
       "2.8   -0.717933  0.284543 -0.333512  0.128176 -0.317583  0.208200  1.000000   \n",
       "3.06  -0.846485  0.230133 -0.409324  0.114084 -0.346922  0.187101  0.864046   \n",
       ".28    0.487215 -0.151445  0.291501  0.187354  0.359395 -0.252091 -0.448301   \n",
       "2.29  -0.494887  0.127561 -0.217975  0.008082 -0.190779  0.226504  0.610533   \n",
       "5.64   0.268562  0.547883  0.250053  0.258643  0.020478  0.199337 -0.056401   \n",
       "1.04  -0.617690 -0.075375 -0.560854 -0.075181 -0.272719  0.052042  0.432987   \n",
       "3.92  -0.786428  0.057417 -0.366720  0.001503 -0.268186  0.046961  0.699566   \n",
       "1065  -0.631227  0.641068 -0.189512  0.222979 -0.436858  0.387542  0.495839   \n",
       "\n",
       "           3.06       .28      2.29      5.64      1.04      3.92      1065  \n",
       "1     -0.846485  0.487215 -0.494887  0.268562 -0.617690 -0.786428 -0.631227  \n",
       "14.23  0.230133 -0.151445  0.127561  0.547883 -0.075375  0.057417  0.641068  \n",
       "1.71  -0.409324  0.291501 -0.217975  0.250053 -0.560854 -0.366720 -0.189512  \n",
       "2.43   0.114084  0.187354  0.008082  0.258643 -0.075181  0.001503  0.222979  \n",
       "15.6  -0.346922  0.359395 -0.190779  0.020478 -0.272719 -0.268186 -0.436858  \n",
       "127    0.187101 -0.252091  0.226504  0.199337  0.052042  0.046961  0.387542  \n",
       "2.8    0.864046 -0.448301  0.610533 -0.056401  0.432987  0.699566  0.495839  \n",
       "3.06   1.000000 -0.536326  0.650254 -0.174411  0.543208  0.786372  0.491180  \n",
       ".28   -0.536326  1.000000 -0.363268  0.140192 -0.261709 -0.501859 -0.308886  \n",
       "2.29   0.650254 -0.363268  1.000000 -0.027112  0.294397  0.513415  0.325731  \n",
       "5.64  -0.174411  0.140192 -0.027112  1.000000 -0.522615 -0.435744  0.315632  \n",
       "1.04   0.543208 -0.261709  0.294397 -0.522615  1.000000  0.567395  0.234879  \n",
       "3.92   0.786372 -0.501859  0.513415 -0.435744  0.567395  1.000000  0.306031  \n",
       "1065   0.491180 -0.308886  0.325731  0.315632  0.234879  0.306031  1.000000  "
      ]
     },
     "execution_count": 63,
     "metadata": {},
     "output_type": "execute_result"
    }
   ],
   "source": []
  },
  {
   "cell_type": "markdown",
   "metadata": {},
   "source": [
    "(4) Normalize dataset\n",
    "\n",
    "Standardize all columns except Class so that these columns have mean = 0 and standard error = 1."
   ]
  },
  {
   "cell_type": "code",
   "execution_count": 71,
   "metadata": {},
   "outputs": [
    {
     "data": {
      "text/html": [
       "<div>\n",
       "<style scoped>\n",
       "    .dataframe tbody tr th:only-of-type {\n",
       "        vertical-align: middle;\n",
       "    }\n",
       "\n",
       "    .dataframe tbody tr th {\n",
       "        vertical-align: top;\n",
       "    }\n",
       "\n",
       "    .dataframe thead th {\n",
       "        text-align: right;\n",
       "    }\n",
       "</style>\n",
       "<table border=\"1\" class=\"dataframe\">\n",
       "  <thead>\n",
       "    <tr style=\"text-align: right;\">\n",
       "      <th></th>\n",
       "      <th>0</th>\n",
       "      <th>1</th>\n",
       "      <th>2</th>\n",
       "      <th>3</th>\n",
       "      <th>4</th>\n",
       "      <th>5</th>\n",
       "      <th>6</th>\n",
       "      <th>7</th>\n",
       "      <th>8</th>\n",
       "      <th>9</th>\n",
       "      <th>10</th>\n",
       "      <th>11</th>\n",
       "      <th>12</th>\n",
       "      <th>13</th>\n",
       "    </tr>\n",
       "  </thead>\n",
       "  <tbody>\n",
       "    <tr>\n",
       "      <th>0</th>\n",
       "      <td>1.000000</td>\n",
       "      <td>-0.321238</td>\n",
       "      <td>0.436127</td>\n",
       "      <td>-0.048260</td>\n",
       "      <td>0.513963</td>\n",
       "      <td>-0.198944</td>\n",
       "      <td>-0.717933</td>\n",
       "      <td>-0.846485</td>\n",
       "      <td>0.487215</td>\n",
       "      <td>-0.494887</td>\n",
       "      <td>0.268562</td>\n",
       "      <td>-0.617690</td>\n",
       "      <td>-0.786428</td>\n",
       "      <td>-0.631227</td>\n",
       "    </tr>\n",
       "    <tr>\n",
       "      <th>1</th>\n",
       "      <td>-0.321238</td>\n",
       "      <td>1.000000</td>\n",
       "      <td>0.099963</td>\n",
       "      <td>0.210964</td>\n",
       "      <td>-0.303350</td>\n",
       "      <td>0.258742</td>\n",
       "      <td>0.284543</td>\n",
       "      <td>0.230133</td>\n",
       "      <td>-0.151445</td>\n",
       "      <td>0.127561</td>\n",
       "      <td>0.547883</td>\n",
       "      <td>-0.075375</td>\n",
       "      <td>0.057417</td>\n",
       "      <td>0.641068</td>\n",
       "    </tr>\n",
       "    <tr>\n",
       "      <th>2</th>\n",
       "      <td>0.436127</td>\n",
       "      <td>0.099963</td>\n",
       "      <td>1.000000</td>\n",
       "      <td>0.164955</td>\n",
       "      <td>0.286148</td>\n",
       "      <td>-0.049049</td>\n",
       "      <td>-0.333512</td>\n",
       "      <td>-0.409324</td>\n",
       "      <td>0.291501</td>\n",
       "      <td>-0.217975</td>\n",
       "      <td>0.250053</td>\n",
       "      <td>-0.560854</td>\n",
       "      <td>-0.366720</td>\n",
       "      <td>-0.189512</td>\n",
       "    </tr>\n",
       "    <tr>\n",
       "      <th>3</th>\n",
       "      <td>-0.048260</td>\n",
       "      <td>0.210964</td>\n",
       "      <td>0.164955</td>\n",
       "      <td>1.000000</td>\n",
       "      <td>0.446698</td>\n",
       "      <td>0.287107</td>\n",
       "      <td>0.128176</td>\n",
       "      <td>0.114084</td>\n",
       "      <td>0.187354</td>\n",
       "      <td>0.008082</td>\n",
       "      <td>0.258643</td>\n",
       "      <td>-0.075181</td>\n",
       "      <td>0.001503</td>\n",
       "      <td>0.222979</td>\n",
       "    </tr>\n",
       "    <tr>\n",
       "      <th>4</th>\n",
       "      <td>0.513963</td>\n",
       "      <td>-0.303350</td>\n",
       "      <td>0.286148</td>\n",
       "      <td>0.446698</td>\n",
       "      <td>1.000000</td>\n",
       "      <td>-0.071707</td>\n",
       "      <td>-0.317583</td>\n",
       "      <td>-0.346922</td>\n",
       "      <td>0.359395</td>\n",
       "      <td>-0.190779</td>\n",
       "      <td>0.020478</td>\n",
       "      <td>-0.272719</td>\n",
       "      <td>-0.268186</td>\n",
       "      <td>-0.436858</td>\n",
       "    </tr>\n",
       "    <tr>\n",
       "      <th>5</th>\n",
       "      <td>-0.198944</td>\n",
       "      <td>0.258742</td>\n",
       "      <td>-0.049049</td>\n",
       "      <td>0.287107</td>\n",
       "      <td>-0.071707</td>\n",
       "      <td>1.000000</td>\n",
       "      <td>0.208200</td>\n",
       "      <td>0.187101</td>\n",
       "      <td>-0.252091</td>\n",
       "      <td>0.226504</td>\n",
       "      <td>0.199337</td>\n",
       "      <td>0.052042</td>\n",
       "      <td>0.046961</td>\n",
       "      <td>0.387542</td>\n",
       "    </tr>\n",
       "    <tr>\n",
       "      <th>6</th>\n",
       "      <td>-0.717933</td>\n",
       "      <td>0.284543</td>\n",
       "      <td>-0.333512</td>\n",
       "      <td>0.128176</td>\n",
       "      <td>-0.317583</td>\n",
       "      <td>0.208200</td>\n",
       "      <td>1.000000</td>\n",
       "      <td>0.864046</td>\n",
       "      <td>-0.448301</td>\n",
       "      <td>0.610533</td>\n",
       "      <td>-0.056401</td>\n",
       "      <td>0.432987</td>\n",
       "      <td>0.699566</td>\n",
       "      <td>0.495839</td>\n",
       "    </tr>\n",
       "    <tr>\n",
       "      <th>7</th>\n",
       "      <td>-0.846485</td>\n",
       "      <td>0.230133</td>\n",
       "      <td>-0.409324</td>\n",
       "      <td>0.114084</td>\n",
       "      <td>-0.346922</td>\n",
       "      <td>0.187101</td>\n",
       "      <td>0.864046</td>\n",
       "      <td>1.000000</td>\n",
       "      <td>-0.536326</td>\n",
       "      <td>0.650254</td>\n",
       "      <td>-0.174411</td>\n",
       "      <td>0.543208</td>\n",
       "      <td>0.786372</td>\n",
       "      <td>0.491180</td>\n",
       "    </tr>\n",
       "    <tr>\n",
       "      <th>8</th>\n",
       "      <td>0.487215</td>\n",
       "      <td>-0.151445</td>\n",
       "      <td>0.291501</td>\n",
       "      <td>0.187354</td>\n",
       "      <td>0.359395</td>\n",
       "      <td>-0.252091</td>\n",
       "      <td>-0.448301</td>\n",
       "      <td>-0.536326</td>\n",
       "      <td>1.000000</td>\n",
       "      <td>-0.363268</td>\n",
       "      <td>0.140192</td>\n",
       "      <td>-0.261709</td>\n",
       "      <td>-0.501859</td>\n",
       "      <td>-0.308886</td>\n",
       "    </tr>\n",
       "    <tr>\n",
       "      <th>9</th>\n",
       "      <td>-0.494887</td>\n",
       "      <td>0.127561</td>\n",
       "      <td>-0.217975</td>\n",
       "      <td>0.008082</td>\n",
       "      <td>-0.190779</td>\n",
       "      <td>0.226504</td>\n",
       "      <td>0.610533</td>\n",
       "      <td>0.650254</td>\n",
       "      <td>-0.363268</td>\n",
       "      <td>1.000000</td>\n",
       "      <td>-0.027112</td>\n",
       "      <td>0.294397</td>\n",
       "      <td>0.513415</td>\n",
       "      <td>0.325731</td>\n",
       "    </tr>\n",
       "    <tr>\n",
       "      <th>10</th>\n",
       "      <td>0.268562</td>\n",
       "      <td>0.547883</td>\n",
       "      <td>0.250053</td>\n",
       "      <td>0.258643</td>\n",
       "      <td>0.020478</td>\n",
       "      <td>0.199337</td>\n",
       "      <td>-0.056401</td>\n",
       "      <td>-0.174411</td>\n",
       "      <td>0.140192</td>\n",
       "      <td>-0.027112</td>\n",
       "      <td>1.000000</td>\n",
       "      <td>-0.522615</td>\n",
       "      <td>-0.435744</td>\n",
       "      <td>0.315632</td>\n",
       "    </tr>\n",
       "    <tr>\n",
       "      <th>11</th>\n",
       "      <td>-0.617690</td>\n",
       "      <td>-0.075375</td>\n",
       "      <td>-0.560854</td>\n",
       "      <td>-0.075181</td>\n",
       "      <td>-0.272719</td>\n",
       "      <td>0.052042</td>\n",
       "      <td>0.432987</td>\n",
       "      <td>0.543208</td>\n",
       "      <td>-0.261709</td>\n",
       "      <td>0.294397</td>\n",
       "      <td>-0.522615</td>\n",
       "      <td>1.000000</td>\n",
       "      <td>0.567395</td>\n",
       "      <td>0.234879</td>\n",
       "    </tr>\n",
       "    <tr>\n",
       "      <th>12</th>\n",
       "      <td>-0.786428</td>\n",
       "      <td>0.057417</td>\n",
       "      <td>-0.366720</td>\n",
       "      <td>0.001503</td>\n",
       "      <td>-0.268186</td>\n",
       "      <td>0.046961</td>\n",
       "      <td>0.699566</td>\n",
       "      <td>0.786372</td>\n",
       "      <td>-0.501859</td>\n",
       "      <td>0.513415</td>\n",
       "      <td>-0.435744</td>\n",
       "      <td>0.567395</td>\n",
       "      <td>1.000000</td>\n",
       "      <td>0.306031</td>\n",
       "    </tr>\n",
       "    <tr>\n",
       "      <th>13</th>\n",
       "      <td>-0.631227</td>\n",
       "      <td>0.641068</td>\n",
       "      <td>-0.189512</td>\n",
       "      <td>0.222979</td>\n",
       "      <td>-0.436858</td>\n",
       "      <td>0.387542</td>\n",
       "      <td>0.495839</td>\n",
       "      <td>0.491180</td>\n",
       "      <td>-0.308886</td>\n",
       "      <td>0.325731</td>\n",
       "      <td>0.315632</td>\n",
       "      <td>0.234879</td>\n",
       "      <td>0.306031</td>\n",
       "      <td>1.000000</td>\n",
       "    </tr>\n",
       "  </tbody>\n",
       "</table>\n",
       "</div>"
      ],
      "text/plain": [
       "          0         1         2         3         4         5         6   \\\n",
       "0   1.000000 -0.321238  0.436127 -0.048260  0.513963 -0.198944 -0.717933   \n",
       "1  -0.321238  1.000000  0.099963  0.210964 -0.303350  0.258742  0.284543   \n",
       "2   0.436127  0.099963  1.000000  0.164955  0.286148 -0.049049 -0.333512   \n",
       "3  -0.048260  0.210964  0.164955  1.000000  0.446698  0.287107  0.128176   \n",
       "4   0.513963 -0.303350  0.286148  0.446698  1.000000 -0.071707 -0.317583   \n",
       "5  -0.198944  0.258742 -0.049049  0.287107 -0.071707  1.000000  0.208200   \n",
       "6  -0.717933  0.284543 -0.333512  0.128176 -0.317583  0.208200  1.000000   \n",
       "7  -0.846485  0.230133 -0.409324  0.114084 -0.346922  0.187101  0.864046   \n",
       "8   0.487215 -0.151445  0.291501  0.187354  0.359395 -0.252091 -0.448301   \n",
       "9  -0.494887  0.127561 -0.217975  0.008082 -0.190779  0.226504  0.610533   \n",
       "10  0.268562  0.547883  0.250053  0.258643  0.020478  0.199337 -0.056401   \n",
       "11 -0.617690 -0.075375 -0.560854 -0.075181 -0.272719  0.052042  0.432987   \n",
       "12 -0.786428  0.057417 -0.366720  0.001503 -0.268186  0.046961  0.699566   \n",
       "13 -0.631227  0.641068 -0.189512  0.222979 -0.436858  0.387542  0.495839   \n",
       "\n",
       "          7         8         9         10        11        12        13  \n",
       "0  -0.846485  0.487215 -0.494887  0.268562 -0.617690 -0.786428 -0.631227  \n",
       "1   0.230133 -0.151445  0.127561  0.547883 -0.075375  0.057417  0.641068  \n",
       "2  -0.409324  0.291501 -0.217975  0.250053 -0.560854 -0.366720 -0.189512  \n",
       "3   0.114084  0.187354  0.008082  0.258643 -0.075181  0.001503  0.222979  \n",
       "4  -0.346922  0.359395 -0.190779  0.020478 -0.272719 -0.268186 -0.436858  \n",
       "5   0.187101 -0.252091  0.226504  0.199337  0.052042  0.046961  0.387542  \n",
       "6   0.864046 -0.448301  0.610533 -0.056401  0.432987  0.699566  0.495839  \n",
       "7   1.000000 -0.536326  0.650254 -0.174411  0.543208  0.786372  0.491180  \n",
       "8  -0.536326  1.000000 -0.363268  0.140192 -0.261709 -0.501859 -0.308886  \n",
       "9   0.650254 -0.363268  1.000000 -0.027112  0.294397  0.513415  0.325731  \n",
       "10 -0.174411  0.140192 -0.027112  1.000000 -0.522615 -0.435744  0.315632  \n",
       "11  0.543208 -0.261709  0.294397 -0.522615  1.000000  0.567395  0.234879  \n",
       "12  0.786372 -0.501859  0.513415 -0.435744  0.567395  1.000000  0.306031  \n",
       "13  0.491180 -0.308886  0.325731  0.315632  0.234879  0.306031  1.000000  "
      ]
     },
     "execution_count": 71,
     "metadata": {},
     "output_type": "execute_result"
    }
   ],
   "source": [
    "data_norm = scale(df.loc[:,'1':'1065'])\n",
    "type(data_norm)\n",
    "pd.DataFrame(data_norm).describe().transpose()\n",
    "pd.DataFrame(data_norm).corr()"
   ]
  },
  {
   "cell_type": "markdown",
   "metadata": {},
   "source": [
    "(5) Principal component analysis with full components"
   ]
  },
  {
   "cell_type": "code",
   "execution_count": 97,
   "metadata": {},
   "outputs": [
    {
     "name": "stdout",
     "output_type": "stream",
     "text": [
      "[0.39335457 0.17867003 0.10381022 0.06658994 0.06339193 0.04825297\n",
      " 0.03965751 0.02516055 0.02112046 0.01840911 0.01613186 0.01202693\n",
      " 0.00928314 0.00414078]\n"
     ]
    }
   ],
   "source": [
    "# Select the number of components\n",
    "pca1 = PCA(n_components=14)\n",
    "# Fit the PCA model\n",
    "pca1.fit(data_norm)\n",
    "\n",
    "#The amount of variance that each PC explains\n",
    "var = pca1.explained_variance_ratio_\n",
    "\n",
    "print(var)"
   ]
  },
  {
   "cell_type": "markdown",
   "metadata": {},
   "source": [
    "(6) Draw a scree plot to show the cumulative variance explained along the number of principal components."
   ]
  },
  {
   "cell_type": "code",
   "execution_count": 100,
   "metadata": {},
   "outputs": [
    {
     "ename": "ValueError",
     "evalue": "Shape of passed values is (14, 1), indices imply (13, 1)",
     "output_type": "error",
     "traceback": [
      "\u001b[0;31m---------------------------------------------------------------------------\u001b[0m",
      "\u001b[0;31mValueError\u001b[0m                                Traceback (most recent call last)",
      "Input \u001b[0;32mIn [100]\u001b[0m, in \u001b[0;36m<cell line: 1>\u001b[0;34m()\u001b[0m\n\u001b[0;32m----> 1\u001b[0m var1 \u001b[38;5;241m=\u001b[39m \u001b[43mpd\u001b[49m\u001b[38;5;241;43m.\u001b[39;49m\u001b[43mDataFrame\u001b[49m\u001b[43m(\u001b[49m\u001b[43mvar1\u001b[49m\u001b[43m,\u001b[49m\u001b[43m \u001b[49m\u001b[43mindex\u001b[49m\u001b[38;5;241;43m=\u001b[39;49m\u001b[43mnp\u001b[49m\u001b[38;5;241;43m.\u001b[39;49m\u001b[43marange\u001b[49m\u001b[43m(\u001b[49m\u001b[38;5;241;43m1\u001b[39;49m\u001b[43m,\u001b[49m\u001b[38;5;241;43m14\u001b[39;49m\u001b[43m)\u001b[49m\u001b[43m)\u001b[49m\n\u001b[1;32m      2\u001b[0m plt\u001b[38;5;241m.\u001b[39mplot(var1,color\u001b[38;5;241m=\u001b[39m\u001b[38;5;124m'\u001b[39m\u001b[38;5;124mblue\u001b[39m\u001b[38;5;124m'\u001b[39m)\n\u001b[1;32m      3\u001b[0m plt\u001b[38;5;241m.\u001b[39mtitle(\u001b[38;5;124m'\u001b[39m\u001b[38;5;124mScree Plot\u001b[39m\u001b[38;5;124m'\u001b[39m)\n",
